58
1000
605
623
618
184
1000
563
678
1000
1000
632
323
541
195
601
386
756
463
671
823
80
337
920
930
24
518
1000
1000
183
610
507
214
407
567
1000
959
570
972
122
465
1000
675
492
100
58
444
547
782
883
860
1000
302
100
954
346
51
185
403
947
57
704
454
935
195
249
79
5
309
1000
723
753
606
859
10
342
963
72
4
512
504
402
918
33
1000
958
995
231
1000
190
1000
900
1000
469
276
758
1000
333
799
1000
627
1000
1000
392
97
672
818
1000
961
545
812
432
153
183
101
616
539
95
56
700
411
126
697
1000
5
631
397
389
9
280
682
1000
194
433
339
1000
846
1000
430
368
100
831
24
864
851
586
878
771
12
1000
345
75
105
740
286
32
434
150
1000
377
100
1000
1000
509
285
794
327
32
507
594
976
253
769
503
86
732
415
940
824
693
1000
680
441
430
765
849
308
575
755
153
595
16
512
281
668
133
618
215
983
785
540
48
243
554
904
148
931
938
16
1000
536
10
1000
1000
893
476
36
960
756
981
561
693
1000
326
1000
1000
1000
709
485
1000
383
210
67
697
997
1000
980
882
1000
403
333
574
430
1000
382
697
196
1000
539
694
605
943
654
163
481
942
531
1000
1000
302
491
790
29
379
48
13
41
679
888
857
1000
1000
698
376
756
737
1000
15
860
56
1000
412
96
1000
1000
602
590
311
114
597
1000
748
722
971
572
702
1000
746
215
864
816
109
396
777
612
181
199
590
568
496
382
100
524
101
131
784
100
622
511
182
1000
666
391
33
1000
1000
688
396
223
1000
271
172
405
423
932
905
1000
423
562
100
17
350
785
653
149
565
777
1000
839
888
34
353
958
22
1000
100
73
912
27
242
738
605
46
6
100
1000
403
1000
84
56
835
886
834
256
344
712
472
1000
217
776
628
1000
227
1000
581
708
775
625
792
431
512
147
449
950
1000
232
26
1000
1000
506
867
1000
681
381
798
557
630
4
858
702
1000
676
91
993
1000
147
800
1000
728
1000
545
221
191
468
1000
653
975
104
630
951
537
1000
86
383
83
625
833
370
143
997
374
776
632
888
367
1000
766
132
122
873
201
549
242
729
463
539
973
470
596
842
3
395
854
680
15
945
755
496
738
132
944
496
637
583
157
160
915
483
307
898
867
90
800
436
327
1000
1000
784
700
1000
815
157
982
1000
1000
943
183
1000
101
544
711
764
421
539
365
76
205
810
844
226
198
306
386
852
1000
39
1000
249
245
100
206
181
404
55
212
134
66
404
131
2
893
435
29
740
748
156
563
78
885
246
797
43
771
12
818
145
350
956
910
756
44
864
798
534
908
222
1000
716
249
661
514
830
413
870
602
641
778
32
526
221
230
7
530
929
266
306
688
25
480
519
1000
767
440
808
145
476
1
276
778
726
213
601
322
879
684
856
346
183
1000
92
657
40
139
925
949
838
792
240
1000
530
301
482
974
217
184
1000
1000
208
1000
562
468
225
655
297
874
434
1000
802
625
688
883
293
312
29
115
966
586
932
353
522
433
1000
465
1000
777
271
465
429
186
582
400
697
491
116
456
392
321
921
750
654
1000
554
21
311
664
175
1000
559
710
708
1000
1000
1000
436
428
296
494
650
307
714
181
61
583
1000
1000
254
50
745
782
473
564
1000
863
533
659
332
10
414
448
240
700
692
1000
805
271
1000
1000
38
74
270
756
796
53
1000
49
162
895
433
231
261
944
1000
808
1000
923
310
139
848
1000
1000
643
693
292
308
446
113
212
100
101
71
1000
1000
731
837
446
1000
94
427
649
599
365
417
397
998
1000
240
752
556
557
323
751
1000
50
788
886
1000
680
543
219
443
903
498
226
1000
119
166
715
100
976
1000
1000
597
720
344
591
505
454
485
525
894
1000
593
594
522
783
160
1000
1000
283
195
98
328
121
249
816
100
391
100
100
960
532
426
761
1000
1000
827
839
587
399
1000
96
140
1000
478
320
677
777
839
257
299
379
642
364
1000
1000
323
1000
653
132
908
896
439
401
228
100
578
248
401
758
146
93
386
221
757
439
82
33
304
1000
688
950
686
742
146
47
636
669
170
365
963
1000
603
972
120
286
676
563
622
432
477
409
907
602
39
782
1000
1000
1000
408
87
544
198
287
1000
39
394
278
595
779
289
545
1000
670
409
100
1000
611
542
345
900
583
739
464
763
57
652
602
1000
778
215
696
932
223
758
942
449
930
134
478
100
679
981
1000
385
44
535
186
294
126
1000
688
321
10
889
817
391
175
114
739
932
171
477
545
136
686
16
932
197
846
86
354
805
1000
655
950
485
1000
205
510
228
122
1000
1000
996
98
376
780
1000
648
285
945
993
1000
435
186
100
170
885
215
590
262
289
209
416
700
783
793
954
967
172
186
73
731
320
738
119
187
734
69
553
1000
534
889
17
267
1000
493
493
514
737
1000
654
316
739
537
983
100
640
715
627
157
477
671
14
956
31
292
553
473
1000
191
100
604
134
501
641
167
594
898
76
645
702
1000
149
716
241
853
374
859
383
684
873
15
1000
937
1000
1000
294
173
814
376
425
778
1000
101
805
568
524
338
716
676
410
425
377
1000
159
573
100
769
707
495
886
712
136
218
809
981
153
1000
168
541
972
429
137
641
633
537
578
770
18
234
677
507
872
184
403
235
39
632
839
493
141
528
1000
422
50
1000
160
518
100
967
570
113
684
967
999
605
302
681
368
535
707
39
813
715
890
89
361
638
1000
1000
85
526
1000
244
771
48
197
31
644
861
245
61
139
1000
171
96
372
810
604
165
732
522
135
918
98
221
796
836
1000
897
603
901
983
873
675
305
157
75
276
739
220
760
1000
989
92
1000
884
190
307
437
828
838
1000
502
755
675
121
972
595
526
392
897
246
998
761
223
782
1000
1000
634
830
329
557
29
100
1000
375
88
856
254
403
1000
1000
380
100
1000
1000
1000
16
556
809
92
1000
332
25
897
1000
92
67
812
918
218
603
24
486
122
227
438
1000
100
546
184
1000
641
964
320
1000
677
1000
1000
843
325
1000
548
381
59
1000
212
760
1000
291
255
633
1000
856
1000
11
1000
242
211
995
1000
1000
109
1000
883
1000
275
371
128
77
413
736
296
1000
972
674
43
974
418
148
465
1000
231
889
648
805
577
1000
67
796
209
126
734
157
829
243
658
280
1000
80
482
843
825
134
695
571
656
917
401
412
616
510
102
595
223
308
287
557
252
240
820
164
279
286
55
282
238
473
672
57
1000
207
207
440
911
778
31
1000
863
1000
382
998
100
205
540
882
308
84
669
44
464
520
72
759
120
1000
690
450
202
730
196
144
264
684
1000
487
1000
868
659
1000
990
862
1000
246
848
317
783
1000
894
622
9
100
351
1000
17
1000
599
212
72
231
406
879
410
3
799
47
165
1000
979
848
919
485
583
70
587
986
1000
421
187
796
100
148
826
871
428
768
440
578
1000
443
1000
860
234
153
979
662
162
981
302
728
976
1000
908
606
303
1000
122
1000
305
272
514
243
82
682
89
826
847
46
588
3
145
122
239
611
437
415
814
356
1000
763
388
611
1000
285
818
991
290
640
676
1000
1000
261
794
1000
25
198
824
982
955
165
120
37
80
11
236
932
100
35
1000
739
847
480
906
454
403
765
947
706
98
976
219
1000
270
1000
726
45
144
1000
143
997
516
818
100
997
6
27
967
1000
385
194
1000
1000
71
727
11
986
43
840
698
246
695
882
911
31
828
306
635
367
817
196
480
744
168
317
470
303
996
607
816
446
428
45
547
82
100
990
361
746
205
941
976
521
17
46
1000
792
1000
868
809
980
833
1000
156
312
1000
116
996
1000
545
559
588
146
40
590
613
5
776
985
715
871
617
905
477
711
1000
276
349
145
804
1000
775
467
1000
654
683
586
337
910
206
1000
844
142
507
99
891
40
856
1000
498
748
75
20
514
356
987
1000
900
767
443
843
972
7
781
1000
925
5
505
1000
119
667
189
890
839
295
677
1000
318
503
1000
536
9
897
808
728
757
1000
349
58
153
1000
1000
381
278
638
871
5
52
1000
1000
193
74
548
601
510
464
134
984
475
157
896
688
771
154
676
903
614
764
108
843
1000
725
10
1000
591
974
238
676
363
261
695
408
993
491
96
806
891
992
400
935
268
646
68
65
333
113
239
164
1000
262
227
192
764
1000
30
939
760
1000
438
1000
691
700
953
458
346
184
714
515
169
488
962
70
804
816
1000
640
459
700
237
77
314
443
139
105
994
92
489
605
621
1000
320
433
519
146
427
275
862
539
377
656
900
418
266
831
956
635
406
895
334
748
1000
444
341
199
120
673
184
310
788
964
406
922
329
829
1000
604
870
227
902
849
1000
233
1000
1000
410
218
257
947
621
703
1000
97
332
116
1000
438
40
100
230
459
1000
952
510
760
668
424
1000
618
501
716
237
168
750
677
695
927
502
274
282
426
964
679
964
467
405
692
860
336
708
997
604
135
840
668
696
37
36
392
471
458
308
673
1000
1000
222
172
45
1000
538
272
672
784
1000
1000
805
737
547
686
586
307
1000
181
37
976
897
440
800
937
96
1000
916
87
471
103
342
498
105
1000
541
103
1000
914
911
850
1000
866
940
802
52
643
715
1000
724
87
274
461
412
115
777
215
551
361
6
106
115
130
1000
365
1000
1000
942
99
985
398
772
153
991
455
1000
1000
697
592
513
118
109
1000
629
1000
1000
160
100
733
535
408
1000
438
175
256
840
645
481
716
59
1000
91
31
888
541
555
90
969
153
1000
934
68
72
699
806
533
835
455
569
1000
558
1000
1000
161
666
164
43
699
150
1000
963
1000
820
783
411
908
1000
1000
112
362
881
776
645
247
249
737
983
634
1000
719
959
118
870
307
1000
633
702
4
446
234
736
581
191
984
868
393
761
829
128
942
1000
932
597
922
582
867
451
580
207
327
1000
215
860
373
431
65
969
933
852
2
543
97
1000
252
512
1000
967
930
146
521
969
1000
653
738
537
775
998
207
433
42
166
407
1000
480
587
518
645
405
260
1000
620
112
977
714
344
1000
215
816
11
648
1000
822
984
271
1000
906
997
603
574
1000
699
36
176
996
126
291
901
793
852
964
1000
471
233
982
716
1000
807
50
100
545
442
35
746
808
605
649
986
641
877
1000
868
1000
645
8
1000
1000
1000
577
810
701
1000
381
104
1000
475
214
824
56
693
79
1000
324
330
266
722
72
1000
1000
551
1000
709
48
100
90
134
578
885
623
846
771
766
51
785
998
684
113
1000
256
860
1000
100
791
217
1000
443
769
1000
472
276
279
173
666
903
493
705
308
228
792
356
762
579
805
791
1000
794
541
649
536
454
914
394
552
952
736
421
941
354
80
913
417
508
391
182
188
375
762
664
605
1000
1000
100
768
958
880
269
1000
100
189
631
726
1000
290
1000
963
913
219
1000
428
111
614
909
643
504
423
303
1000
622
932
375
429
473
1000
372
466
515
205
1000
493
518
247
442
70
205
995
577
483
108
1000
100
874
1000
411
453
112
550
170
676
1000
617
647
974
485
928
772
481
754
104
763
180
347
144
1000
173
683
244
352
405
1000
70
950
132
284
71
194
569
333
135
665
1000
588
227
646
20
838
315
683
1000
152
271
428
16
516
675
428
590
365
897
259
254
136
724
10
322
1000
609
372
394
707
542
771
603
104
25
522
806
817
1000
100
627
42
879
98
27
375
1000
346
909
954
914
498
686
1000
365
187
202
822
693
775
357
791
1000
1000
238
297
312
609
940
136
794
366
46
1000
625
718
171
718
1000
1000
929
579
521
806
604
283
750
755
557
77
289
90
1000
752
251
930
618
1000
172
20
1000
500
1000
978
411
1000
505
150
768
474
979
204
530
100
96
280
102
346
633
244
859
903
290
1000
923
279
698
960
558
162
100
472
682
1000
653
1000
370
932
356
636
1000
1000
289
981
131
1000
876
536
1000
125
1000
739
41
748
492
1000
310
1000
1000
442
16
289
1000
168
99
1000
988
44
792
285
774
717
1000
387
166
312
379
1000
346
189
1000
76
66
283
623
642
590
615
639
507
514
784
381
644
704
481
837
666
559
135
984
630
961
51
26
371
463
820
814
173
808
445
1000
505
102
664
867
515
647
991
314
1000
769
322
420
969
1000
748
902
479
1000
1000
978
559
257
985
39
1000
561
1000
25
712
70
790
1000
5
446
1000
1000
424
843
65
827
1000
667
1000
790
816
584
941
1000
408
123
1000
402
1000
87
461
46
1000
778
57
223
1000
448
118
880
53
827
730
100
216
874
407
625
172
993
503
779
39
1000
298
839
604
992
587
477
1000
290
553
207
5
534
871
887
72
753
811
971
1000
34
748
401
954
393
387
767
899
23
804
119
332
1000
540
648
610
186
730
945
885
804
902
439
295
1000
736
618
518
519
253
251
762
61
1000
73
940
531
198
1000
55
797
95
483
100
125
738
532
1000
1000
23
483
105
358
122
550
100
1000
382
117
936
655
572
149
296
257
594
835
599
351
49
6
1000
29
229
143
903
262
608
10
1000
57
932
515
737
189
227
63
478
684
722
468
328
595
830
604
560
87
544
134
446
53
935
734
932
818
994
948
88
489
1000
499
638
733
618
215
1000
577
1000
478
936
983
658
285
852
393
422
972
872
968
477
894
872
443
890
304
1000
1000
507
9
595
88
871
97
982
395
399
898
986
51
279
864
197
1000
636
615
1000
74
220
476
749
75
999
193
61
328
720
1000
385
1000
807
650
568
257
50
144
875
859
1000
400
698
755
1000
386
495
966
425
559
39
175
745
901
633
845
1000
654
1000
914
790
658
857
300
654
154
1000
481
692
922
1000
538
240
609
616
370
973
433
990
1000
100
10
718
135
169
1000
354
547
948
557
403
104
638
235
900
722
543
34
82
536
780
847
987
548
291
968
564
703
274
1000
625
920
636
856
1000
700
997
1000
194
1000
490
78
966
309
32
272
256
998
492
456
726
1000
856
85
1000
985
576
517
1000
187
974
951
510
455
609
519
100
74
188
142
411
614
960
1000
103
372
74
1000
690
404
186
1000
857
30
615
195
365
1000
814
42
517
450
553
1000
835
245
373
100
862
343
33
528
948
55
573
716
515
661
946
878
309
787
706
558
633
670
292
1000
807
397
464
1000
423
1000
210
1000
100
150
530
383
225
552
225
147
557
681
902
757
124
206
828
312
688
418
318
955
768
603
165
972
1000
1000
862
787
224
886
876
678
379
1000
963
210
513
17
464
518
884
190
1000
898
310
1000
216
855
826
1000
17
990
1000
866
160
864
1000
258
304
980
668
1000
851
546
756
315
474
880
100
1000
860
788
658
15
369
750
1000
750
553
374
4
1000
990
589
793
1000
48
811
870
413
11
404
54
151
668
199
1000
553
399
7
318
206
1000
981
1000
17
893
189
200
808
424
443
1000
551
1000
560
1000
874
386
1000
319
703
1000
229
729
250
957
137
982
643
497
750
547
554
658
1000
991
447
525
125
786
328
611
682
946
517
668
680
226
1000
1000
529
577
1000
1000
496
612
1000
260
1000
1000
349
176
927
1000
909
798
828
792
484
559
759
887
683
259
420
939
885
228
156
1000
772
756
196
951
715
321
113
415
557
931
1000
306
820
287
194
209
693
609
953
105
23
967
1000
748
510
408
276
446
430
136
1000
582
1000
495
769
796
1000
132
830
101
470
353
504
87
475
330
385
581
398
1000
751
1000
1000
1000
1000
376
493
295
892
643
508
644
623
444
453
774
167
942
1000
1000
278
1000
48
161
600
640
100
341
1000
859
1000
369
380
1000
255
199
409
236
807
331
354
874
942
375
283
892
761
514
1000
469
341
729
454
1000
937
800
86
244
349
387
544
947
1000
181
138
592
544
100
1000
693
830
1000
22
610
97
496
13
41
942
244
620
1000
55
608
453
1000
821
87
227
136
171
228
381
521
781
710
185
884
909
829
1000
586
13
696
239
692
995
177
13
722
7
186
686
969
561
651
1000
298
100
553
100
394
159
1000
100
889
67
285
23
573
302
399
139
39
696
68
1000
552
351
1000
986
641
570
628
249
241
1000
672
433
647
688
484
1000
739
448
211
936
1000
1000
1000
1000
980
790
913
170
869
155
100
653
959
21
619
794
390
302
1000
643
279
158
46
169
684
713
966
329
100
685
266
707
170
646
670
214
655
623
990
1000
33
713
673
1000
162
435
56
871
643
889
533
848
24
528
351
409
600
630
278
66
182
17
346
711
204
1000
425
933
1000
341
960
606
161
772
75
260
704
62
428
305
650
40
382
134
89
345
904
4
1000
914
396
1000
196
753
355
641
256
282
423
929
668
785
262
75
1000
878
123
1000
223
559
939
948
703
154
901
1000
473
209
860
53
505
70
445
850
201
918
96
696
1000
202
273
377
90
74
734
97
609
979
1000
62
3
100
264
287
110
430
749
738
592
100
1000
1000
681
465
792
771
1000
943
98
740
529
596
997
141
1000
459
380
960
258
948
135
656
876
613
16
699
535
913
595
821
660
245
951
1000
190
50
1000
136
376
592
106
687
428
230
798
655
441
1000
331
551
1000
100
78
156
724
454
678
266
545
429
448
225
754
469
887
478
442
607
624
721
978
772
873
40
270
931
119
789
275
91
290
486
123
241
1000
1000
305
878
553
839
33
1000
1000
429
633
349
1000
524
248
378
82
65
1000
34
3
644
1000
631
270
99
872
385
923
945
1000
83
44
410
343
127
902
338
776
93
729
172
11
26
218
281
666
1000
182
747
583
496
626
405
299
155
100
532
961
133
146
978
1000
990
798
297
588
100
565
569
333
466
1000
880
719
661
260
1000
173
647
180
934
436
758
262
220
342
499
778
1000
966
1000
44
852
102
1000
317
741
1000
100
880
1000
700
601
400
292
668
245
85
312
420
265
646
419
997
208
213
961
749
1000
604
348
768
609
200
683
336
976
82
411
986
484
1000
618
862
1000
377
990
273
80
304
743
365
471
653
18
97
307
1000
912
846
542
438
839
623
1000
572
969
244
148
165
908
958
356
498
474
321
1000
755
921
1000
1000
191
803
722
1000
100
107
386
479
549
1000
227
17
472
1000
1000
261
13
581
432
97
673
910
266
39
482
923
1000
879
1000
787
658
310
238
334
392
957
1000
365
667
89
776
389
1000
834
111
742
1000
1000
489
1000
100
420
491
1000
100
230
1000
878
399
294
251
239
126
1000
983
544
862
841
1000
149
482
1000
356
770
581
727
1000
977
307
25
885
301
352
541
111
745
443
178
1000
511
517
1000
259
226
82
1000
1000
141
100
203
1000
554
853
1000
754
593
292
973
256
239
80
595
726
907
22
507
1000
206
378
1000
438
1000
59
153
777
562
43
875
1000
761
551
619
276
1000
301
429
775
1000
247
790
872
737
752
529
146
567
713
200
858
1000
142
171
554
435
1000
360
327
641
724
978
244
119
114
734
119
821
246
651
793
503
461
357
233
1000
227
747
1000
590
662
599
795
782
485
370
100
569
888
1000
995
554
165
169
550
39
109
592
1000
393
327
23
924
176
26
49
107
285
902
1000
216
420
667
1000
646
342
732
871
356
818
473
427
277
918
980
389
630
870
86
1000
508
534
460
62
122
802
538
318
58
255
473
100
668
566
377
184
120
899
398
1000
481
116
100
1000
1000
175
1000
1000
553
15
502
909
842
583
749
152
708
918
1000
513
1000
72
1000
222
887
320
1000
1000
673
605
109
1000
451
984
281
362
523
172
754
448
717
786
593
1000
414
131
1000
575
294
187
1000
726
719
488
621
291
591
814
817
297
1000
100
474
1000
980
100
616
867
659
483
71
294
1000
409
3
151
1000
655
151
67
883
782
298
849
420
962
658
738
424
504
677
750
877
903
1000
36
586
359
770
639
100
401
81
102
1000
736
1000
20
21
1000
162
100
648
489
323
763
552
981
345
471
907
751
72
735
656
1000
64
307
952
292
534
252
1000
531
43
440
133
128
842
896
388
503
278
891
1000
81
1000
28
1000
1000
857
239
758
256
697
45
492
830
963
6
534
358
231
899
652
1000
803
1000
237
440
331
410
940
945
695
763
576
780
587
247
965
1000
1000
869
316
19
1000
207
1000
1000
664
658
1000
256
101
768
609
657
199
522
872
791
421
112
236
841
286
1000
919
903
680
401
301
675
357
727
609
1000
696
1000
1000
830
122
424
521
564
239
650
792
970
642
135
572
891
650
298
619
886
252
635
1000
215
1000
517
1000
73
333
1000
317
839
401
516
1000
927
402
939
1000
927
778
1000
25
171
64
271
1000
976
125
987
438
37
880
986
1000
541
1000
833
956
370
257
188
637
783
1000
818
866
1000
41
425
100
683
216
727
18
1000
751
768
427
756
33
42
30
912
478
756
77
287
683
138
248
399
547
83
100
104
395
405
882
100
262
312
374
27
981
362
1000
362
676
949
231
557
1000
98
356
690
1000
1000
365
238
301
11
893
960
967
534
441
827
121
761
92
138
790
850
665
959
912
177
718
1000
636
915
219
300
1000
812
81
463
797
1000
320
872
152
453
112
259
1000
80
809
34
1000
28
449
864
368
774
869
712
1000
491
1000
1000
236
780
146
972
1000
920
136
925
1000
414
394
1000
600
817
788
433
258
31
131
607
671
1000
67
117
1000
19
1000
237
843
967
95
461
68
283
366
999
86
824
730
145
836
250
604
523
349
384
296
84
457
1000
605
40
888
1000
368
290
45
398
206
768
266
267
214
1000
32
627
734
652
16
706
978
541
1000
765
1000
254
109
881
120
488
488
392
392
333
182
947
369
179
872
503
371
64
652
815
981
153
404
261
1000
793
809
389
286
462
1000
199
1000
170
1000
572
1000
518
268
97
477
982
1000
352
886
137
543
677
36
275
909
352
585
1000
929
604
943
200
1000
491
177
186
374
97
1000
773
100
931
1000
323
763
836
1000
1000
877
455
190
1000
178
1000
48
436
735
954
236
737
616
1000
905
617
855
189
886
843
1000
885
12
1000
443
826
841
927
437
663
518
151
293
603
192
395
100
403
48
191
327
184
648
539
947
521
896
391
1000
683
448
33
664
239
207
826
169
602
1000
791
702
646
1000
101
161
899
295
297
694
188
506
633
295
1000
1000
93
908
348
1000
926
725
998
842
509
499
862
507
106
944
1000
544
715
37
1000
67
803
502
436
369
453
503
819
597
691
799
963
821
600
42
215
697
597
976
1000
744
499
499
304
606
879
50
642
635
1000
187
345
1000
197
836
299
1000
281
160
419
596
511
510
707
721
1000
654
457
754
603
1000
802
699
519
483
89
13
719
1000
899
206
746
326
1000
1000
707
967
100
254
603
1000
424
1000
595
513
100
153
1000
623
1000
340
812
837
645
684
661
303
908
646
912
231
1000
1000
439
151
133
728
1000
38
949
1000
42
537
503
257
376
50
1000
562
1000
136
95
18
705
10
219
1000
385
523
834
820
348
509
509
925
661
1000
942
1000
715
464
100
1000
34
670
1000
212
852
1000
678
1000
901
870
533
36
880
195
289
1000
140
100
299
41
1000
467
864
358
334
1000
390
371
778
411
473
682
1000
634
872
375
1000
976
488
242
612
137
1000
1000
1000
959
287
200
474
675
923
485
593
175
64
764
637
878
202
75
1000
728
539
354
627
1000
569
1000
937
1000
1000
953
273
388
56
951
672
1000
1
641
367
665
834
779
704
631
442
1000
305
1000
586
78
200
440
129
201
106
100
144
276
1000
100
100
899
115
940
928
777
1000
495
1000
916
465
541
502
29
790
783
948
32
694
966
1000
724
298
1000
302
624
18
1000
873
955
734
851
1000
462
166
193
181
868
46
248
92
434
60
580
381
820
262
18
356
683
490
1000
783
273
467
671
515
720
134
63
458
1000
483
815
900
1000
999
815
1000
731
155
504
91
311
997
478
536
937
786
245
10
331
161
95
879
874
182
497
348
298
405
846
896
774
662
855
802
112
466
468
1000
554
149
576
100
612
74
621
333
414
67
140
63
404
685
53
869
1000
317
995
932
239
293
1000
301
842
1000
215
81
515
811
470
339
575
995
471
1000
743
1000
1000
753
775
1000
834
664
538
230
261
554
301
64
432
645
898
678
228
219
978
518
187
272
636
258
261
475
216
100
964
741
492
589
131
1000
561
763
708
543
87
181
66
1000
925
7
540
1000
1000
371
588
866
529
928
554
741
672
633
997
1000
461
25
54
82
451
852
23
567
639
92
1000
750
1000
489
1000
751
687
256
722
859
67
27
587
150
1000
470
1000
708
690
562
1000
116
551
735
871
688
244
857
591
688
1000
971
186
1000
466
658
440
1000
405
225
825
1000
303
558
394
765
475
377
569
67
424
9
852
922
425
588
834
931
670
530
1000
177
992
156
130
19
989
423
818
952
1000
840
376
746
956
328
605
272
603
572
226
849
885
49
963
637
745
299
568
113
970
792
1000
930
776
594
467
1000
370
259
1000
18
713
627
968
100
107
882
969
22
785
100
20
1000
100
642
203
139
993
1000
908
998
864
230
196
1000
230
373
728
1000
717
253
238
550
629
568
3
851
807
622
691
886
925
651
323
137
1000
981
289
974
294
758
719
636
607
100
271
1000
95
976
216
852
1000
275
922
860
300
6
694
357
903
898
266
173
810
639
1000
730
769
245
317
170
1000
100
868
929
593
996
550
97
597
972
352
178
1000
949
348
746
495
740
104
945
718
276
1000
831
720
1000
731
278
918
924
591
1000
410
783
129
918
687
470
1000
713
821
855
92
558
739
25
981
433
1000
514
1000
980
316
363
1000
193
298
1000
1000
421
111
599
560
696
43
38
157
248
699
334
156
298
85
690
781
96
885
624
952
702
1000
441
366
935
366
460
100
213
614
878
431
492
13
163
47
224
181
415
311
1000
1000
216
601
982
731
470
887
335
888
750
1000
492
1000
1000
618
929
4
169
482
265
875
422
963
475
306
203
1000
699
650
892
995
304
765
1000
449
1000
745
100
609
73
972
388
782
268
929
617
1000
380
865
179
87
1000
880
911
418
512
250
599
1000
426
368
148
739
372
14
635
660
439
1000
157
524
912
804
390
215
439
1000
624
491
621
765
226
1000
359
168
413
721
162
906
229
523
621
937
667
332
580
759
864
961
100
1000
145
854
1000
718
829
942
1000
481
674
48
553
1000
732
1000
932
933
683
189
365
574
183
889
647
541
636
176
966
130
828
841
415
237
364
1000
1000
1000
298
1000
1000
118
360
851
317
312
366
418
43
997
243
231
297
651
36
108
724
1000
25
429
312
207
1000
127
1000
417
164
892
460
1000
344
470
899
840
1000
910
170
419
193
977
487
869
963
332
816
620
699
1000
1000
54
158
447
263
534
349
423
304
821
1000
720
317
396
909
154
869
389
878
633
1000
537
182
645
642
1000
370
556
287
382
476
845
948
935
774
741
132
214
333
535
932
997
591
143
488
702
424
741
1000
708
640
388
648
1000
142
849
1000
132
616
862
498
48
859
100
852
619
381
470
974
938
822
521
603
1000
894
991
268
318
1000
373
504
63
668
411
460
348
120
353
490
352
1000
842
1000
754
516
18
879
19
380
490
632
776
1000
804
1000
82
724
238
25
1000
921
1000
204
1000
519
106
940
1000
400
310
1000
690
819
478
20
866
264
100
588
1000
100
453
749
111
790
398
513
264
283
1000
863
950
45
489
721
385
100
1000
372
793
889
350
1000
353
950
147
535
515
69
947
106
7
373
1000
510
263
730
259
474
763
62
155
856
23
1000
272
963
1000
1000
666
757
1000
850
532
1000
908
928
529
1000
76
109
1000
786
1000
1000
1000
350
1000
941
727
959
1000
512
1000
616
707
238
185
336
952
34
5
174
240
244
192
556
104
683
100
29
868
100
449
56
62
421
1000
759
1000
344
382
866
897
955
234
860
1000
781
65
143
624
127
401
281
638
29
459
250
1000
29
857
98
102
26
780
878
273
1000
999
624
1000
749
740
832
1000
915
238
202
423
385
1000
917
897
22
252
1000
460
39
666
1000
43
362
879
268
821
534
282
76
867
474
100
320
37
142
976
548
854
217
178
176
100
504
670
101
29
755
1000
541
357
1000
45
945
968
814
100
219
992
642
194
459
576
681
699
1000
604
780
744
610
1000
182
58
538
899
188
1000
1000
696
31
654
568
97
545
661
182
30
573
509
1000
56
144
212
438
1000
928
763
1000
278
601
118
97
102
484
697
782
1000
942
204
1000
766
1000
1000
708
1000
433
872
705
329
455
990
1000
913
3
1000
769
136
981
350
378
572
1000
171
113
471
1000
922
405
134
178
264
2
1000
1000
605
867
18
614
408
1000
20
757
251
1000
133
642
303
100
416
98
3
726
1000
968
480
1000
345
1000
778
265
1000
52
128
833
640
434
1000
638
477
590
1000
339
412
822
937
146
1000
231
781
395
217
829
306
554
534
818
436
202
752
610
100
123
686
58
809
283
341
337
146
1000
682
502
1000
979
194
885
100
222
198
880
279
960
871
886
774
940
404
863
353
698
234
1000
1000
66
340
1000
943
48
330
1000
129
375
385
843
100
1000
667
930
590
389
898
709
664
618
809
465
629
46
268
1000
907
1000
534
624
581
347
958
620
112
635
1000
203
986
151
815
209
645
748
107
223
211
843
387
535
340
749
638
1000
1000
1000
480
1000
47
1000
12
203
1000
236
109
694
114
287
353
890
576
1000
71
1000
786
1000
850
495
1000
220
1000
393
195
645
699
518
51
100
223
536
237
160
149
1000
723
950
1000
730
244
611
1000
805
232
949
586
867
362
179
716
367
802
61
804
164
475
1000
961
918
1000
731
527
35
892
638
553
717
566
449
357
421
650
959
266
1000
711
246
410
100
745
29
951
374
83
744
464
779
365
42
137
61
1000
531
13
397
1000
262
393
880
666
81
1000
500
856
540
1000
688
1000
752
620
94
204
734
1000
926
783
1000
1000
1000
632
912
1000
445
798
237
422
574
538
763
326
462
345
1000
688
1000
293
955
883
620
330
35
1000
527
808
883
289
196
943
179
689
744
556
493
354
127
637
862
701
551
140
71
67
1000
461
457
232
343
100
1000
260
565
100
985
154
632
981
897
435
403
728
1000
787
465
289
671
888
715
905
1000
1000
1000
138
817
1000
842
676
1000
969
818
1000
100
936
207
601
707
281
169
980
822
615
202
1000
201
1000
500
776
1000
639
615
150
634
464
605
414
633
100
787
25
556
605
585
513
799
367
200
308
1000
385
593
358
899
533
759
714
75
495
100
731
34
897
407
403
866
995
780
384
853
128
586
1000
130
869
703
166
214
302
293
845
1000
921
137
971
827
679
642
653
437
558
520
320
942
730
1000
873
953
477
728
823
1000
59
636
100
100
93
476
904
312
425
180
697
232
995
12
288
536
807
397
269
677
660
805
100
274
235
670
432
952
873
128
560
64
657
27
529
769
163
928
254
951
19
108
626
940
433
271
166
1000
1000
319
1000
257
613
374
1000
807
251
36
580
524
1000
462
1000
59
168
1000
500
604
516
268
57
1000
798
509
599
505
124
936
443
19
290
493
266
717
235
688
1000
273
247
45
60
658
487
616
1000
340
201
113
554
800
1000
100
267
751
100
709
622
334
512
53
700
612
633
1000
589
318
96
998
648
940
852
945
927
620
2
635
193
328
16
785
383
549
111
534
482
223
37
63
1000
713
326
748
281
148
392
695
1000
899
884
889
171
247
605
1000
332
631
582
460
737
661
924
587
297
717
1000
94
224
816
394
1000
59
715
684
502
716
216
1000
1000
52
1000
988
415
39
63
473
1000
818
676
402
895
614
36
851
953
401
719
277
678
42
632
76
824
711
257
732
100
107
333
1000
239
368
428
485
283
262
100
969
536
567
1000
641
827
920
521
813
503
975
592
1000
271
818
776
598
460
509
357
940
981
87
1000
100
364
378
417
477
46
1000
1000
709
590
1000
523
1000
100
893
441
291
57
417
100
451
1000
411
514
125
764
120
739
935
1000
1000
289
817
800
1000
100
476
346
1000
912
826
258
407
735
1000
1000
850
429
645
47
344
425
541
427
1000
922
986
154
563
579
384
666
136
627
112
1000
476
830
212
302
439
450
707
1000
315
696
163
1000
192
671
691
544
496
656
536
520
810
586
585
100
451
118
1000
1000
198
113
731
1000
834
337
880
1000
762
100
484
855
775
198
979
286
816
1000
708
1000
100
199
478
469
1000
876
753
101
33
338
1000
767
957
588
563
801
575
455
165
801
888
877
706
400
625
743
162
967
29
332
145
518
21
240
260
1000
42
484
1000
29
1000
1000
376
70
253
28
1000
324
290
1000
942
245
642
798
66
65
705
297
882
137
314
33
877
65
796
155
593
93
1000
420
485
3
515
1000
229
129
543
512
886
570
813
180
687
610
71
690
979
808
419
344
38
79
675
508
681
359
858
202
252
209
716
713
651
502
231
541
977
284
1000
276
222
942
249
364
607
764
1000
890
18
119
276
1000
962
311
1000
153
272
384
1000
220
122
80
695
135
766
971
110
790
998
852
54
17
339
324
743
575
541
1000
680
846
232
1000
226
461
355
578
966
1000
225
503
848
527
828
533
205
659
125
539
100
625
341
833
338
49
1000
1000
872
45
968
428
545
601
1000
484
1000
773
375
1000
835
972
688
723
904
398
533
366
885
980
734
39
952
59
1000
100
320
257
521
235
1000
279
704
408
651
966
927
978
139
781
1000
90
1000
546
620
555
566
159
225
621
313
586
44
43
1000
100
502
582
471
884
919
243
1000
1000
1000
682
195
1000
472
1000
829
532
127
64
650
1000
928
1000
1000
805
1000
389
883
890
181
328
266
1000
727
733
1000
288
546
347
698
529
685
1000
115
781
827
413
975
118
132
994
259
1000
725
245
955
675
781
415
83
140
127
1000
320
912
52
459
597
615
431
510
639
704
337
177
699
283
100
745
792
43
58
547
32
981
835
1000
546
772
1000
348
547
1000
702
872
216
616
776
634
865
54
100
168
769
657
927
874
94
1000
1000
552
338
147
141
70
21
911
1000
690
353
651
520
1000
1000
776
832
56
1000
1000
684
100
589
438
1000
347
1000
763
570
367
378
819
522
500
731
949
889
898
899
871
463
818
132
211
26
596
616
75
278
461
623
669
354
1000
724
502
305
582
975
411
654
892
959
255
176
543
919
533
753
240
304
1000
76
43
718
571
39
1000
347
284
9
106
925
770
843
1000
963
1000
954
582
59
322
142
414
374
493
367
986
279
807
790
194
1000
745
932
23
897
698
432
969
140
554
246
899
244
894
1000
636
752
449
67
15
1000
1000
905
627
921
827
417
392
144
648
689
527
809
718
1000
1000
79
77
151
808
75
893
1000
768
290
11
599
1000
464
24
525
653
594
751
1000
297
421
637
14
209
374
1000
167
562
900
1000
197
445
901
456
754
1000
582
1000
152
349
69
191
805
934
739
1000
566
1000
1000
1000
442
159
203
322
709
519
1000
441
500
248
485
120
208
222
17
668
1000
734
991
60
602
759
423
1000
640
885
853
424
608
198
700
927
586
15
417
14
138
655
1000
1000
638
846
167
1000
152
155
920
610
748
390
100
1000
960
747
417
163
658
843
1000
423
229
500
960
617
64
469
472
562
335
988
674
781
380
454
1000
250
317
306
620
630
711
637
277
978
760
1000
690
839
712
92
4
692
286
598
951
370
712
412
64
1000
135
349
213
636
1000
121
985
62
158
371
929
746
213
690
844
963
380
963
139
971
956
314
383
138
210
31
127
100
607
83
509
67
1000
282
199
627
124
279
900
1000
428
273
344
9
284
820
114
624
103
105
899
583
230
1000
673
413
643
127
768
100
100
1000
1000
1000
664
99
44
244
874
162
16
1000
1000
288
970
323
1000
1000
1000
980
24
1000
96
1000
253
640
467
254
828
111
470
10
959
490
1000
777
100
725
1000
94
49
99
45
366
546
792
134
944
1000
334
835
645
5
58
909
633
459
922
536
396
279
672
680
325
515
690
707
957
703
520
416
43
345
205
527
572
40
434
522
1000
153
959
100
561
405
26
637
928
820
849
693
595
518
773
1000
581
703
886
330
996
98
932
772
551
594
182
928
370
1000
953
494
584
973
176
222
208
100
444
511
221
217
780
475
620
1000
493
94
668
942
536
1000
1000
1000
221
44
896
818
335
719
574
524
539
826
797
696
848
607
321
499
1000
363
829
1000
891
604
744
833
370
665
770
694
660
757
1000
927
4
158
792
184
803
404
1000
184
116
284
645
202
938
105
634
1000
497
963
630
634
854
651
951
8
220
131
61
59
334
1000
1000
856
499
225
801
295
309
759
338
951
944
949
380
397
109
178
1000
890
273
175
580
114
877
789
10
902
83
2
952
389
81
367
181
493
953
65
494
194
873
213
944
151
540
208
1000
571
107
271
1000
1000
76
31
827
511
23
351
261
231
493
131
33
140
245
913
730
362
574
273
645
836
842
800
772
425
320
498
894
999
1000
777
436
982
663
1000
1000
913
1000
1000
511
315
1000
621
393
925
417
303
1000
972
351
199
100
313
1000
1000
628
866
7
677
430
487
536
651
753
239
1000
408
500
98
496
729
492
394
1000
1000
511
344
100
100
763
859
1000
1000
1000
1000
100
887
566
419
488
316
551
553
177
932
557
173
33
332
294
1000
567
356
1000
1000
177
761
711
279
615
1000
351
787
634
1000
607
811
790
36
252
6
422
517
100
163
165
708
306
106
100
15
910
313
100
480
547
893
285
162
1000
528
987
426
569
470
630
558
309
759
524
792
806
794
855
574
1000
166
108
321
890
806
1000
522
310
258
766
418
507
265
668
521
940
294
969
1000
892
788
1000
1000
1000
629
321
655
594
1000
517
133
713
269
1000
23
416
499
875
342
1000
370
107
707
109
465
843
332
693
111
616
918
936
716
822
445
995
1000
223
616
499
804
602
100
232
967
1000
402
14
561
47
352
992
909
324
664
376
765
185
910
141
70
546
679
924
525
182
143
913
808
182
100
99
100
350
657
694
233
735
239
1000
159
1000
3
358
810
286
834
284
993
1000
1000
359
671
1000
950
957
1000
32
61
394
16
87
689
519
451
63
531
58
916
1000
464
317
142
150
633
100
17
1000
985
488
900
1000
961
850
1000
533
513
906
52
490
463
343
21
535
840
993
449
722
413
100
299
779
387
412
298
282
810
502
475
581
644
100
931
818
744
684
432
119
237
506
467
363
893
801
315
338
137
300
323
949
1000
786
440
222
266
128
508
260
504
1000
540
674
943
687
439
988
346
100
292
587
675
309
1000
139
97
937
66
244
132
910
306
544
842
717
191
972
810
219
1000
985
609
959
754
940
915
185
694
81
839
762
415
371
100
109
853
611
1000
62
532
380
948
999
100
637
186
946
1000
100
843
682
475
863
1000
991
649
283
55
173
786
568
508
403
894
1000
694
869
226
568
393
297
299
486
1000
473
107
206
188
1000
651
430
847
865
781
113
264
100
976
253
887
1000
804
80
1000
904
571
958
191
406
776
640
531
684
777
111
1000
684
1000
601
190
410
549
40
1000
151
100
385
292
215
182
402
1000
297
392
61
373
1000
616
755
974
426
816
1000
309
79
980
449
704
2
574
647
584
100
1000
1000
352
952
938
1000
979
998
23
1000
806
895
262
434
1000
100
544
457
828
363
711
213
106
146
532
876
1000
781
101
1000
489
162
961
258
421
528
564
868
443
902
443
331
608
400
110
306
723
1000
260
410
496
1000
150
280
719
569
954
671
1000
768
776
308
313
172
772
720
1000
973
137
867
462
111
972
218
88
248
713
167
435
200
221
571
888
857
1000
1000
450
853
228
109
742
843
1000
185
488
27
796
1000
1000
44
274
858
456
922
100
773
248
1000
260
623
779
1000
1000
437
201
134
200
403
663
330
274
151
539
1000
166
1000
1000
818
952
225
100
20
53
940
1000
219
322
418
218
355
1000
110
60
597
891
22
1000
650
917
797
273
1000
195
653
840
807
461
1000
84
957
223
921
8
672
110
940
1000
924
83
757
952
863
119
1000
137
803
407
977
981
887
605
996
689
102
746
307
667
990
91
282
317
351
882
655
2
915
477
56
383
332
357
642
1000
673
815
298
560
727
965
696
1000
169
370
563
231
533
548
725
433
533
936
154
171
705
673
772
348
1000
504
361
1000
223
168
1000
100
758
618
1000
179
612
1000
147
800
709
608
577
1000
624
1000
772
748
748
512
240
559
537
900
634
232
466
1000
58
189
297
583
187
874
458
1000
685
215
749
822
384
770
254
800
402
925
979
715
336
936
812
884
1000
459
964
293
139
1000
609
492
1000
803
772
966
583
40
312
552
645
1000
469
244
485
205
699
898
245
34
883
1000
1000
1000
320
1000
122
743
372
1000
497
86
813
977
856
633
318
188
658
442
1000
44
311
156
1000
770
312
1000
100
698
1000
982
522
32
596
450
692
689
414
340
310
1000
601
1000
35
1000
255
152
100
423
475
321
100
954
722
276
904
885
427
1000
805
705
11
510
540
142
194
181
1000
1000
11
680
538
21
1000
496
687
891
149
706
20
1000
1000
128
69
593
392
1000
626
754
120
86
630
1000
728
1000
225
663
957
828
865
1000
9
54
1000
899
312
747
1000
108
362
705
520
695
492
1000
738
778
977
655
284
906
1000
233
138
481
365
463
895
794
505
691
688
120
375
218
693
1000
919
918
158
1000
26
293
601
441
869
668
814
537
470
254
100
545
884
503
678
950
906
229
534
921
523
309
468
1000
1000
475
208
120
1000
923
987
316
555
981
497
1000
319
879
587
841
1000
225
787
71
627
503
159
573
403
173
440
268
816
243
274
516
84
895
92
219
299
171
1000
932
736
780
473
1000
545
418
798
433
643
532
968
939
99
62
928
553
486
81
372
868
973
513
271
830
475
100
834
766
877
197
602
229
833
525
600
199
502
108
100
624
739
602
644
785
415
1000
1000
285
798
1000
845
357
785
1000
229
828
130
359
187
805
1000
12
1000
220
44
941
333
456
1000
182
549
955
964
896
16
130
190
565
522
714
420
1000
632
614
682
483
46
501
401
210
725
1000
878
585
100
190
283
1000
133
1000
774
351
876
1000
59
161
889
553
888
670
938
483
906
1000
263
1000
650
441
897
197
606
156
571
1000
29
475
346
473
955
449
249
715
143
1000
231
83
164
31
100
1000
872
829
579
1000
229
482
1000
1000
161
8
353
365
1000
801
456
810
557
100
288
53
101
944
545
584
1000
350
439
746
429
94
251
446
946
699
1000
905
100
515
775
1000
1000
942
347
1000
1000
1000
1000
275
43
1000
1000
847
419
841
846
249
458
1000
1000
75
957
786
1000
747
1000
6
462
341
427
1000
1000
729
282
329
706
166
1000
483
849
514
113
664
1000
577
213
976
551
638
1000
693
138
907
1000
77
1000
202
319
230
135
645
456
816
476
27
797
575
1000
732
125
165
145
975
770
515
363
755
904
935
933
1000
905
1000
1000
90
627
791
82
1000
245
482
216
554
644
483
748
471
545
522
725
253
540
1000
696
772
231
1000
341
811
1000
383
1000
1000
466
787
169
534
693
465
984
180
690
380
45
964
858
248
423
624
876
968
1000
1000
504
240
13
287
754
542
804
100
100
162
189
529
280
505
779
193
1000
578
463
141
268
157
914
520
114
965
100
168
239
396
1000
253
1000
916
821
1000
10
160
971
1000
1000
385
171
995
330
888
41
1000
1000
663
1000
992
784
264
457
154
1000
978
1000
688
37
575
670
371
554
873
152
544
1000
100
503
190
218
738
357
1000
496
711
88
284
998
804
859
384
264
622
648
1000
164
962
1000
750
631
854
939
1000
34
479
830
526
502
218
609
1000
135
242
197
615
529
263
181
139
960
100
997
793
1000
21
691
484
434
1000
1000
394
1000
147
478
761
238
572
721
906
963
261
656
1000
823
100
326
679
1000
824
628
960
1000
103
774
573
118
953
267
122
761
1000
534
926
390
470
180
448
372
450
392
959
924
55
737
957
1000
308
161
100
536
1000
441
50
645
320
718
916
729
830
953
261
363
384
917
265
184
459
406
528
219
586
510
869
366
812
1000
613
648
991
662
482
100
753
509
255
289
1000
357
291
607
173
160
868
477
916
1000
913
593
259
136
1000
38
336
677
561
671
666
366
344
31
397
720
1000
923
727
270
28
161
25
1000
100
353
1000
721
795
219
500
547
295
944
674
26
100
713
284
138
75
802
623
891
787
570
1000
1000
767
206
972
102
682
568
699
87
294
335
805
533
63
979
82
794
1000
490
1000
1000
257
677
756
181
673
215
991
918
59
932
42
680
54
614
923
1000
1000
135
840
579
1000
183
496
187
827
246
901
464
696
134
744
825
254
1000
15
100
126
165
260
280
521
827
596
305
914
455
1000
575
1000
630
1000
479
798
571
858
274
559
40
880
335
88
478
484
865
237
39
618
155
299
1000
488
1000
124
949
1000
513
42
1000
829
418
577
1000
156
852
1000
1000
118
1000
116
197
825
279
256
616
133
234
750
11
505
322
792
68
937
280
5
182
100
915
1000
1000
438
982
755
554
350
249
451
100
485
127
463
608
1000
1000
798
1000
715
57
352
349
744
700
1000
687
556
956
501
57
673
100
779
229
455
940
309
450
339
1000
981
110
1000
817
1000
632
218
346
360
1000
784
220
299
948
467
849
100
802
220
1000
608
1000
494
73
100
1000
485
834
604
84
1000
201
958
992
211
510
485
846
751
776
334
25
1000
1000
340
426
189
413
995
1000
74
737
146
500
211
986
1000
628
301
601
383
170
268
871
237
921
877
730
878
737
1000
78
1000
453
739
190
606
132
472
1000
816
387
237
1000
264
686
1000
427
429
820
180
41
294
209
308
1000
460
13
688
109
355
145
522
548
107
318
528
331
1000
255
999
422
1000
186
461
488
395
901
1000
862
460
887
431
177
34
606
396
424
276
875
213
968
273
1000
769
49
791
861
84
995
710
735
554
821
205
127
241
197
572
985
62
392
54
107
449
741
685
828
80
543
427
653
159
648
889
915
200
525
626
74
408
1000
646
83
963
630
4
590
617
450
1000
695
618
693
1000
664
938
381
961
315
72
572
31
416
610
613
419
317
212
135
417
573
200
902
889
741
944
631
7
1000
144
850
212
270
390
1000
982
447
252
104
575
992
1000
324
1000
626
1000
24
62
892
694
621
570
551
583
629
100
881
958
1000
557
504
953
836
419
187
830
890
315
335
1000
68
317
383
140
210
1000
942
782
931
906
518
274
706
961
571
52
276
38
1000
349
149
620
291
1000
1000
664
77
615
468
278
583
163
557
942
117
812
980
543
1000
283
82
1000
413
765
148
1000
911
930
798
452
383
168
890
673
1000
473
115
235
351
21
700
801
991
9
1000
803
855
936
409
244
1000
551
943
733
187
664
1000
1000
703
978
839
169
638
691
651
607
409
661
33
611
419
111
104
129
286
768
672
54
215
1000
929
755
548
1000
256
769
556
1000
496
309
804
563
553
505
325
1000
91
373
466
1000
373
268
562
724
599
1000
919
67
479
94
11
174
948
905
632
817
496
119
496
56
470
157
116
512
195
897
1000
13
493
519
492
515
563
690
767
671
540
243
397
720
704
686
1000
434
972
696
61
664
658
827
896
765
461
100
796
711
755
261
270
433
165
197
413
936
853
219
534
526
788
541
100
712
370
357
722
889
424
293
2
973
1000
361
821
617
29
475
927
31
763
361
588
1000
556
1000
236
758
253
148
1000
452
570
597
472
1000
926
6
272
138
160
942
329
288
495
447
169
728
481
754
165
162
954
584
1000
744
1000
634
389
971
790
507
234
591
954
81
645
656
1000
346
